First Run, parameters:
training_portions = [0.1 * i for i in range(3, 11)]
learning_rates = [2e-5, 3e-5, 5e-5, 7e-5, 1e-4, 2e-4, 3e-4, 5e-4, 7e-4, 1e-3]

5 fold cross validation

Best model:
Accuracy:  0.9128565669059754
All Results:
Baseline scores:  [(2e-05, 0.30000000000000004, 0.8920544743537903), (2e-05, 0.4, 0.8920341372489929), (2e-05, 0.5, 0.8916683554649353), (2e-05, 0.6000000000000001, 0.8915870904922485), (2e-05, 0.7000000000000001, 0.8914448261260987), (2e-05, 0.8, 0.8911603212356567), (2e-05, 0.9, 0.8911196947097778), (2e-05, 1.0, 0.8905100464820862), (3e-05, 0.30000000000000004, 0.8919731855392456), (3e-05, 0.4, 0.8914041996002198), (3e-05, 0.5, 0.8906319975852967), (3e-05, 0.6000000000000001, 0.890692937374115), (3e-05, 0.7000000000000001, 0.8910180807113648), (3e-05, 0.8, 0.889981722831726), (3e-05, 0.9, 0.8893720865249634), (3e-05, 1.0, 0.8873602867126464), (5e-05, 0.30000000000000004, 0.8905913472175598), (5e-05, 0.4, 0.8895549535751343), (5e-05, 0.5, 0.8884169816970825), (5e-05, 0.6000000000000001, 0.8866693615913391), (5e-05, 0.7000000000000001, 0.885328185558319), (5e-05, 0.8, 0.8826661229133606), (5e-05, 0.9, 0.8802072644233704), (5e-05, 1.0, 0.8774436116218567), (7e-05, 0.30000000000000004, 0.8899004220962524), (7e-05, 0.4, 0.8868319392204285), (7e-05, 0.5, 0.8829912543296814), (7e-05, 0.6000000000000001, 0.8777890682220459), (7e-05, 0.7000000000000001, 0.8760008215904236), (7e-05, 0.8, 0.8720382213592529), (7e-05, 0.9, 0.8697622299194336), (7e-05, 1.0, 0.8697012782096862), (0.0001, 0.30000000000000004, 0.8876041531562805), (0.0001, 0.4, 0.8797805428504943), (0.0001, 0.5, 0.873379385471344), (0.0001, 0.6000000000000001, 0.8656980395317078), (0.0001, 0.7000000000000001, 0.865372896194458), (0.0001, 0.8, 0.8579556941986084), (0.0001, 0.9, 0.8582402110099793), (0.0001, 1.0, 0.8606584072113037), (0.0002, 0.30000000000000004, 0.8692948460578919), (0.0002, 0.4, 0.8524893283843994), (0.0002, 0.5, 0.8292420268058777), (0.0002, 0.6000000000000001, 0.8090835094451905), (0.0002, 0.7000000000000001, 0.8184108853340148), (0.0002, 0.8, 0.8333265781402588), (0.0002, 0.9, 0.8228408813476562), (0.0002, 1.0, 0.812761652469635), (0.0003, 0.30000000000000004, 0.8463726878166199), (0.0003, 0.4, 0.8250152230262756), (0.0003, 0.5, 0.7948790907859802), (0.0003, 0.6000000000000001, 0.7061166524887085), (0.0003, 0.7000000000000001, 0.7845356464385986), (0.0003, 0.8, 0.7961796283721924), (0.0003, 0.9, 0.7640926718711853), (0.0003, 1.0, 0.7305222511291504), (0.0005, 0.30000000000000004, 0.734911584854126), (0.0005, 0.4, 0.70757976770401), (0.0005, 0.5, 0.6567567586898804), (0.0005, 0.6000000000000001, 0.5811623573303223), (0.0005, 0.7000000000000001, 0.6341190814971924), (0.0005, 0.8, 0.5590936720371247), (0.0005, 0.9, 0.5482219099998474), (0.0005, 1.0, 0.6018492221832276), (0.0007, 0.30000000000000004, 0.5645397245883942), (0.0007, 0.4, 0.520260113477707), (0.0007, 0.5, 0.48727900385856626), (0.0007, 0.6000000000000001, 0.39865880608558657), (0.0007, 0.7000000000000001, 0.42940459251403806), (0.0007, 0.8, 0.3728103995323181), (0.0007, 0.9, 0.3044909596443176), (0.0007, 1.0, 0.2916277229785919), (0.001, 0.30000000000000004, 0.4323511481285095), (0.001, 0.4, 0.3407640755176544), (0.001, 0.5, 0.32627515196800233), (0.001, 0.6000000000000001, 0.32243446707725526), (0.001, 0.7000000000000001, 0.33964641094207765), (0.001, 0.8, 0.34326356649398804), (0.001, 0.9, 0.3275350570678711), (0.001, 1.0, 0.2991058737039566)]
Innoculation scores:  [(2e-05, 0.30000000000000004, 0.39620397686958314), (2e-05, 0.4, 0.45806965231895447), (2e-05, 0.5, 0.47605472803115845), (2e-05, 0.6000000000000001, 0.48303980231285093), (2e-05, 0.7000000000000001, 0.49102487564086916), (2e-05, 0.8, 0.49300497174263), (2e-05, 0.9, 0.4880149304866791), (2e-05, 1.0, 0.5019801020622253), (3e-05, 0.30000000000000004, 0.4690646767616272), (3e-05, 0.4, 0.48203482627868655), (3e-05, 0.5, 0.4810348331928253), (3e-05, 0.6000000000000001, 0.486029851436615), (3e-05, 0.7000000000000001, 0.4950099527835846), (3e-05, 0.8, 0.5209651589393616), (3e-05, 0.9, 0.6027661681175231), (3e-05, 1.0, 0.7054975152015686), (5e-05, 0.30000000000000004, 0.4790547251701355), (5e-05, 0.4, 0.49200497269630433), (5e-05, 0.5, 0.5969552159309387), (5e-05, 0.6000000000000001, 0.7484029769897461), (5e-05, 0.7000000000000001, 0.8292736411094666), (5e-05, 0.8, 0.8602338194847107), (5e-05, 0.9, 0.8921790957450867), (5e-05, 1.0, 0.9211144208908081), (7e-05, 0.30000000000000004, 0.5049601972103119), (7e-05, 0.4, 0.626796019077301), (7e-05, 0.5, 0.8313432931900024), (7e-05, 0.6000000000000001, 0.873184072971344), (7e-05, 0.7000000000000001, 0.8981542229652405), (7e-05, 0.8, 0.9161293387413025), (7e-05, 0.9, 0.9271442770957947), (7e-05, 1.0, 0.9470845818519592), (0.0001, 0.30000000000000004, 0.629716420173645), (0.0001, 0.4, 0.8453034877777099), (0.0001, 0.5, 0.8931840777397155), (0.0001, 0.6000000000000001, 0.9101144313812256), (0.0001, 0.7000000000000001, 0.9151393055915833), (0.0001, 0.8, 0.9490895509719849), (0.0001, 0.9, 0.9550746202468872), (0.0001, 1.0, 0.965054726600647), (0.0002, 0.30000000000000004, 0.7934776067733764), (0.0002, 0.4, 0.9071492433547974), (0.0002, 0.5, 0.9181094646453858), (0.0002, 0.6000000000000001, 0.9440845727920533), (0.0002, 0.7000000000000001, 0.9740447878837586), (0.0002, 0.8, 0.9730497598648071), (0.0002, 0.9, 0.9670597076416015), (0.0002, 1.0, 0.9880199074745178), (0.0003, 0.30000000000000004, 0.8283880710601806), (0.0003, 0.4, 0.9371194005012512), (0.0003, 0.5, 0.9141144275665283), (0.0003, 0.6000000000000001, 0.9450945138931275), (0.0003, 0.7000000000000001, 0.968054723739624), (0.0003, 0.8, 0.9870298504829407), (0.0003, 0.9, 0.9800149321556091), (0.0003, 1.0, 0.9880199074745178), (0.0005, 0.30000000000000004, 0.7814825773239136), (0.0005, 0.4, 0.9161492586135864), (0.0005, 0.5, 0.9071293592453002), (0.0005, 0.6000000000000001, 0.9511044740676879), (0.0005, 0.7000000000000001, 0.9581094622612), (0.0005, 0.8, 0.9770597100257874), (0.0005, 0.9, 0.9730646967887878), (0.0005, 1.0, 0.9790398001670837), (0.0007, 0.30000000000000004, 0.7643681645393372), (0.0007, 0.4, 0.8065820813179017), (0.0007, 0.5, 0.9181094646453858), (0.0007, 0.6000000000000001, 0.9350895643234253), (0.0007, 0.7000000000000001, 0.8660646677017212), (0.0007, 0.8, 0.8168009936809539), (0.0007, 0.9, 0.9561492562294006), (0.0007, 1.0, 0.8795422792434693), (0.001, 0.30000000000000004, 0.6886517465114593), (0.001, 0.4, 0.5689950108528137), (0.001, 0.5, 0.5865671634674072), (0.001, 0.6000000000000001, 0.6273631930351258), (0.001, 0.7000000000000001, 0.6595820844173431), (0.001, 0.8, 0.5839950203895569), (0.001, 0.9, 0.4990049719810486), (0.001, 1.0, 0.6735820770263672)]
Average scores:  [(2e-05, 0.30000000000000004, 0.6441292256116867), (2e-05, 0.4, 0.6750518947839736), (2e-05, 0.5, 0.6838615417480469), (2e-05, 0.6000000000000001, 0.6873134464025498), (2e-05, 0.7000000000000001, 0.6912348508834839), (2e-05, 0.8, 0.6920826464891434), (2e-05, 0.9, 0.6895673125982285), (2e-05, 1.0, 0.6962450742721558), (3e-05, 0.30000000000000004, 0.6805189311504364), (3e-05, 0.4, 0.6867195129394531), (3e-05, 0.5, 0.685833415389061), (3e-05, 0.6000000000000001, 0.688361394405365), (3e-05, 0.7000000000000001, 0.6930140167474746), (3e-05, 0.8, 0.7054734408855439), (3e-05, 0.9, 0.7460691273212433), (3e-05, 1.0, 0.7964289009571075), (5e-05, 0.30000000000000004, 0.6848230361938477), (5e-05, 0.4, 0.6907799631357193), (5e-05, 0.5, 0.7426860988140106), (5e-05, 0.6000000000000001, 0.8175361692905426), (5e-05, 0.7000000000000001, 0.8573009133338928), (5e-05, 0.8, 0.8714499711990357), (5e-05, 0.9, 0.8861931800842285), (5e-05, 1.0, 0.8992790162563324), (7e-05, 0.30000000000000004, 0.6974303096532821), (7e-05, 0.4, 0.7568139791488647), (7e-05, 0.5, 0.8571672737598419), (7e-05, 0.6000000000000001, 0.875486570596695), (7e-05, 0.7000000000000001, 0.887077522277832), (7e-05, 0.8, 0.8940837800502777), (7e-05, 0.9, 0.8984532535076142), (7e-05, 1.0, 0.9083929300308228), (0.0001, 0.30000000000000004, 0.7586602866649628), (0.0001, 0.4, 0.8625420153141021), (0.0001, 0.5, 0.8832817316055298), (0.0001, 0.6000000000000001, 0.8879062354564666), (0.0001, 0.7000000000000001, 0.8902561008930207), (0.0001, 0.8, 0.9035226225852966), (0.0001, 0.9, 0.9066574156284333), (0.0001, 1.0, 0.9128565669059754), (0.0002, 0.30000000000000004, 0.8313862264156342), (0.0002, 0.4, 0.8798192858695983), (0.0002, 0.5, 0.8736757457256317), (0.0002, 0.6000000000000001, 0.8765840411186219), (0.0002, 0.7000000000000001, 0.8962278366088867), (0.0002, 0.8, 0.903188169002533), (0.0002, 0.9, 0.8949502944946289), (0.0002, 1.0, 0.9003907799720764), (0.0003, 0.30000000000000004, 0.8373803794384003), (0.0003, 0.4, 0.8810673117637634), (0.0003, 0.5, 0.8544967591762542), (0.0003, 0.6000000000000001, 0.8256055831909179), (0.0003, 0.7000000000000001, 0.8762951850891113), (0.0003, 0.8, 0.8916047394275666), (0.0003, 0.9, 0.8720538020133972), (0.0003, 1.0, 0.8592710793018341), (0.0005, 0.30000000000000004, 0.7581970810890197), (0.0005, 0.4, 0.8118645131587983), (0.0005, 0.5, 0.7819430589675903), (0.0005, 0.6000000000000001, 0.7661334156990052), (0.0005, 0.7000000000000001, 0.7961142718791961), (0.0005, 0.8, 0.768076691031456), (0.0005, 0.9, 0.7606433033943176), (0.0005, 1.0, 0.7904445111751557), (0.0007, 0.30000000000000004, 0.6644539445638656), (0.0007, 0.4, 0.6634210973978043), (0.0007, 0.5, 0.702694234251976), (0.0007, 0.6000000000000001, 0.6668741852045059), (0.0007, 0.7000000000000001, 0.6477346301078797), (0.0007, 0.8, 0.5948056966066361), (0.0007, 0.9, 0.6303201079368591), (0.0007, 1.0, 0.5855850011110306), (0.001, 0.30000000000000004, 0.5605014473199844), (0.001, 0.4, 0.45487954318523405), (0.001, 0.5, 0.45642115771770475), (0.001, 0.6000000000000001, 0.4748988300561905), (0.001, 0.7000000000000001, 0.4996142476797104), (0.001, 0.8, 0.46362929344177245), (0.001, 0.9, 0.41327001452445983), (0.001, 1.0, 0.4863439753651619)]

Selected parameters:
Learning rate:  0.0001
Training portion:  1.0
Number of training examples:  801

Next run is only the training portions not covered in the previous one

second_training_portions = [0.25 * i for i in range(5, 13)]

5 fold cross validation
Best model:
Accuracy:  0.9263954937458039
All Results:
Baseline scores:  [(2e-05, 1.25, 0.8891891956329345), (2e-05, 1.5, 0.8871977210044861), (2e-05, 1.75, 0.885612678527832), (2e-05, 2.0, 0.8825035691261292), (2e-05, 2.25, 0.8804104685783386), (2e-05, 2.5, 0.8783377170562744), (2e-05, 2.75, 0.876590120792389), (2e-05, 3.0, 0.8774842500686646), (3e-05, 1.25, 0.8844340562820434), (3e-05, 1.5, 0.8793334722518921), (3e-05, 1.75, 0.8772607207298279), (3e-05, 2.0, 0.8750050663948059), (3e-05, 2.25, 0.8726681590080261), (3e-05, 2.5, 0.8726275205612183), (3e-05, 2.75, 0.8719975709915161), (3e-05, 3.0, 0.872282075881958), (5e-05, 1.25, 0.873623251914978), (5e-05, 1.5, 0.8689290761947632), (5e-05, 1.75, 0.8679333329200745), (5e-05, 2.0, 0.8667343974113464), (5e-05, 2.25, 0.8615525364875793), (5e-05, 2.5, 0.8627514600753784), (5e-05, 2.75, 0.8578337669372559), (5e-05, 3.0, 0.8617760539054871), (7e-05, 1.25, 0.8673237085342407), (7e-05, 1.5, 0.8583011507987977), (7e-05, 1.75, 0.8598862051963806), (7e-05, 2.0, 0.8572241425514221), (7e-05, 2.25, 0.851127815246582), (7e-05, 2.5, 0.8515748858451844), (7e-05, 2.75, 0.8462100982666015), (7e-05, 3.0, 0.8518390536308289), (0.0001, 1.25, 0.8540947079658509), (0.0001, 1.5, 0.8419833421707154), (0.0001, 1.75, 0.8430806756019592), (0.0001, 2.0, 0.8389758110046387), (0.0001, 2.25, 0.8362527966499329), (0.0001, 2.5, 0.8339768409729004), (0.0001, 2.75, 0.8274740815162659), (0.0001, 3.0, 0.837268841266632), (0.0002, 1.25, 0.8117455840110779), (0.0002, 1.5, 0.7759601712226868), (0.0002, 1.75, 0.7825848579406738), (0.0002, 2.0, 0.7678723812103272), (0.0002, 2.25, 0.772851037979126), (0.0002, 2.5, 0.7392399907112122), (0.0002, 2.75, 0.7681365609169006), (0.0002, 3.0, 0.7503352999687195), (0.0003, 1.25, 0.7152814507484436), (0.0003, 1.5, 0.7140418529510498), (0.0003, 1.75, 0.6588701486587525), (0.0003, 2.0, 0.665657377243042), (0.0003, 2.25, 0.6148140549659729), (0.0003, 2.5, 0.5888437330722809), (0.0003, 2.75, 0.5147124528884888), (0.0003, 3.0, 0.5715504944324493), (0.0005, 1.25, 0.4629140436649323), (0.0005, 1.5, 0.4116846203804016), (0.0005, 1.75, 0.4319243967533112), (0.0005, 2.0, 0.36868522465229037), (0.0005, 2.25, 0.3281243681907654), (0.0005, 2.5, 0.25214387476444244), (0.0005, 2.75, 0.2904084503650665), (0.0005, 3.0, 0.297195690870285), (0.0007, 1.25, 0.28855923712253573), (0.0007, 1.5, 0.29097744524478913), (0.0007, 1.75, 0.30658402740955354), (0.0007, 2.0, 0.3285917520523071), (0.0007, 2.25, 0.26551513671875), (0.0007, 2.5, 0.23411908149719238), (0.0007, 2.75, 0.27177402675151824), (0.0007, 3.0, 0.2790896147489548), (0.001, 1.25, 0.31522048711776735), (0.001, 1.5, 0.30359683036804197), (0.001, 1.75, 0.3325137197971344), (0.001, 2.0, 0.32869336009025574), (0.001, 2.25, 0.3325137197971344), (0.001, 2.5, 0.33060353994369507), (0.001, 2.75, 0.3198943316936493), (0.001, 3.0, 0.31605364978313444)]
Innoculation scores:  [(2e-05, 1.25, 0.5469104528427124), (2e-05, 1.5, 0.7535323381423951), (2e-05, 1.75, 0.8523333430290222), (2e-05, 2.0, 0.8902885556221009), (2e-05, 2.25, 0.908189058303833), (2e-05, 2.5, 0.9371392846107482), (2e-05, 2.75, 0.9511144280433654), (2e-05, 3.0, 0.9600746273994446), (3e-05, 1.25, 0.8642985105514527), (3e-05, 1.5, 0.9091940283775329), (3e-05, 1.75, 0.9321492552757263), (3e-05, 2.0, 0.9531094431877136), (3e-05, 2.25, 0.9590845823287963), (3e-05, 2.5, 0.9660746216773987), (3e-05, 2.75, 0.971074640750885), (3e-05, 3.0, 0.9800248861312866), (5e-05, 1.25, 0.9491044759750367), (5e-05, 1.5, 0.9491144180297851), (5e-05, 1.75, 0.9730497598648071), (5e-05, 2.0, 0.9780447840690613), (5e-05, 2.25, 0.9820497512817383), (5e-05, 2.5, 0.9890149354934692), (5e-05, 2.75, 0.9900248885154724), (5e-05, 3.0, 0.9910149335861206), (7e-05, 1.25, 0.9531144261360168), (7e-05, 1.5, 0.9690547347068786), (7e-05, 1.75, 0.9870348334312439), (7e-05, 2.0, 0.986029863357544), (7e-05, 2.25, 0.9840497612953186), (7e-05, 2.5, 0.9880199074745178), (7e-05, 2.75, 0.9910248875617981), (7e-05, 3.0, 0.9950049757957459), (0.0001, 1.25, 0.9700696587562561), (0.0001, 1.5, 0.981039822101593), (0.0001, 1.75, 0.9900348305702209), (0.0001, 2.0, 0.9870199084281921), (0.0001, 2.25, 0.9860398054122925), (0.0001, 2.5, 0.992009961605072), (0.0001, 2.75, 0.9920199155807495), (0.0001, 3.0, 0.9960099577903747), (0.0002, 1.25, 0.9830497622489929), (0.0002, 1.5, 0.9900199055671692), (0.0002, 1.75, 0.9940099596977234), (0.0002, 2.0, 0.988024890422821), (0.0002, 2.25, 0.9920298457145691), (0.0002, 2.5, 0.9920248866081238), (0.0002, 2.75, 0.9970049738883973), (0.0002, 3.0, 0.9980049729347229), (0.0003, 1.25, 0.9880298614501953), (0.0003, 1.5, 0.9830248713493347), (0.0003, 1.75, 0.9920149326324463), (0.0003, 2.0, 0.9860248923301697), (0.0003, 2.25, 0.9930199027061463), (0.0003, 2.5, 0.989009952545166), (0.0003, 2.75, 0.9950149297714234), (0.0003, 3.0, 0.9970049738883973), (0.0005, 1.25, 0.9810497641563416), (0.0005, 1.5, 0.9830348372459412), (0.0005, 1.75, 0.989029860496521), (0.0005, 2.0, 0.9900199174880981), (0.0005, 2.25, 0.9840597033500671), (0.0005, 2.5, 0.9900248765945434), (0.0005, 2.75, 0.9930248737335206), (0.0005, 3.0, 0.9960099577903747), (0.0007, 1.25, 0.8830646872520447), (0.0007, 1.5, 0.9750547289848328), (0.0007, 1.75, 0.8670646905899048), (0.0007, 2.0, 0.49999999403953554), (0.0007, 2.25, 0.8691044807434082), (0.0007, 2.5, 0.8780696511268615), (0.0007, 2.75, 0.8114228844642639), (0.0007, 3.0, 0.7765373110771179), (0.001, 1.25, 0.5949950218200684), (0.001, 1.5, 0.6835572183132171), (0.001, 1.75, 0.5009950160980224), (0.001, 2.0, 0.49999999403953554), (0.001, 2.25, 0.4990049719810486), (0.001, 2.5, 0.49999999403953554), (0.001, 2.75, 0.6229999959468842), (0.001, 3.0, 0.5879999935626984)]
Average scores:  [(2e-05, 1.25, 0.7180498242378235), (2e-05, 1.5, 0.8203650295734406), (2e-05, 1.75, 0.8689730107784271), (2e-05, 2.0, 0.886396062374115), (2e-05, 2.25, 0.8942997634410859), (2e-05, 2.5, 0.9077385008335114), (2e-05, 2.75, 0.9138522744178772), (2e-05, 3.0, 0.9187794387340545), (3e-05, 1.25, 0.874366283416748), (3e-05, 1.5, 0.8942637503147125), (3e-05, 1.75, 0.9047049880027771), (3e-05, 2.0, 0.9140572547912598), (3e-05, 2.25, 0.9158763706684112), (3e-05, 2.5, 0.9193510711193085), (3e-05, 2.75, 0.9215361058712006), (3e-05, 3.0, 0.9261534810066223), (5e-05, 1.25, 0.9113638639450073), (5e-05, 1.5, 0.9090217471122741), (5e-05, 1.75, 0.9204915463924408), (5e-05, 2.0, 0.9223895907402039), (5e-05, 2.25, 0.9218011438846588), (5e-05, 2.5, 0.9258831977844239), (5e-05, 2.75, 0.9239293277263642), (5e-05, 3.0, 0.9263954937458039), (7e-05, 1.25, 0.9102190673351288), (7e-05, 1.5, 0.9136779427528381), (7e-05, 1.75, 0.9234605193138122), (7e-05, 2.0, 0.9216270029544831), (7e-05, 2.25, 0.9175887882709504), (7e-05, 2.5, 0.919797396659851), (7e-05, 2.75, 0.9186174929141998), (7e-05, 3.0, 0.9234220147132873), (0.0001, 1.25, 0.9120821833610535), (0.0001, 1.5, 0.9115115821361541), (0.0001, 1.75, 0.9165577530860901), (0.0001, 2.0, 0.9129978597164154), (0.0001, 2.25, 0.9111463010311127), (0.0001, 2.5, 0.9129934012889862), (0.0001, 2.75, 0.9097469985485077), (0.0001, 3.0, 0.9166393995285034), (0.0002, 1.25, 0.8973976731300354), (0.0002, 1.5, 0.882990038394928), (0.0002, 1.75, 0.8882974088191986), (0.0002, 2.0, 0.8779486358165741), (0.0002, 2.25, 0.8824404418468476), (0.0002, 2.5, 0.865632438659668), (0.0002, 2.75, 0.882570767402649), (0.0002, 3.0, 0.8741701364517211), (0.0003, 1.25, 0.8516556560993195), (0.0003, 1.5, 0.8485333621501923), (0.0003, 1.75, 0.8254425406455994), (0.0003, 2.0, 0.8258411347866058), (0.0003, 2.25, 0.8039169788360596), (0.0003, 2.5, 0.7889268428087235), (0.0003, 2.75, 0.754863691329956), (0.0003, 3.0, 0.7842777341604232), (0.0005, 1.25, 0.7219819039106369), (0.0005, 1.5, 0.6973597288131714), (0.0005, 1.75, 0.7104771286249161), (0.0005, 2.0, 0.6793525710701942), (0.0005, 2.25, 0.6560920357704163), (0.0005, 2.5, 0.6210843756794929), (0.0005, 2.75, 0.6417166620492936), (0.0005, 3.0, 0.6466028243303299), (0.0007, 1.25, 0.5858119621872901), (0.0007, 1.5, 0.6330160871148109), (0.0007, 1.75, 0.5868243589997292), (0.0007, 2.0, 0.4142958730459213), (0.0007, 2.25, 0.5673098087310791), (0.0007, 2.5, 0.556094366312027), (0.0007, 2.75, 0.5415984556078911), (0.0007, 3.0, 0.5278134629130363), (0.001, 1.25, 0.4551077544689178), (0.001, 1.5, 0.49357702434062956), (0.001, 1.75, 0.4167543679475784), (0.001, 2.0, 0.41434667706489564), (0.001, 2.25, 0.41575934588909147), (0.001, 2.5, 0.4153017669916153), (0.001, 2.75, 0.47144716382026675), (0.001, 3.0, 0.4520268216729164)]

Selected parameters:
Learning rate:  5e-05
Training portion:  3.0
Number of training examples:  2404

Time: 277009 seconds

Best model:
Accuracy:  0.9295295715332031
All Results:
Baseline scores:  [(2e-05, 3.5, 0.8747205972671509), (2e-05, 4.0, 0.873379397392273), (2e-05, 4.5, 0.8717333912849426), (2e-05, 5.0, 0.8701889991760254), (3e-05, 3.5, 0.8670392274856568), (3e-05, 4.0, 0.8673237085342407), (3e-05, 4.5, 0.8648851871490478), (3e-05, 5.0, 0.8636659145355224), (5e-05, 3.5, 0.8514326333999633), (5e-05, 4.0, 0.8568989992141723), (5e-05, 4.5, 0.8546027302742004), (5e-05, 5.0, 0.8547652840614319)]
Innoculation scores:  [(2e-05, 3.5, 0.9660746335983277), (2e-05, 4.0, 0.9790547251701355), (2e-05, 4.5, 0.982044780254364), (2e-05, 5.0, 0.9870298624038696), (3e-05, 3.5, 0.9920199155807495), (3e-05, 4.0, 0.9860398054122925), (3e-05, 4.5, 0.9900149345397949), (3e-05, 5.0, 0.9920248866081238), (5e-05, 3.5, 0.9910199046134949), (5e-05, 4.0, 0.9930199027061463), (5e-05, 4.5, 0.9920149326324463), (5e-05, 5.0, 0.9950149297714234)]
Average scores:  [(2e-05, 3.5, 0.9203976154327392), (2e-05, 4.0, 0.9262170612812042), (2e-05, 4.5, 0.9268890857696533), (2e-05, 5.0, 0.9286094307899475), (3e-05, 3.5, 0.9295295715332031), (3e-05, 4.0, 0.9266817569732666), (3e-05, 4.5, 0.9274500608444214), (3e-05, 5.0, 0.9278454005718231), (5e-05, 3.5, 0.9212262690067291), (5e-05, 4.0, 0.9249594509601593), (5e-05, 4.5, 0.9233088314533233), (5e-05, 5.0, 0.9248901069164276)]

Selected parameters:
Learning rate:  3e-05
Training portion:  3.5
Number of training examples:  2805

Time: 5431 seconds
                                                                          